258287 45 144
258287 148 227
258713 1 161
258712 1 524
258427 1 107
258426 1 10
258425 3 136
258703 1 389
258428 1 159
258655 60 68
257531 5 45
257531 50 143
258445 1 302
258444 1 37
257461 44 95
258702 52 402
258215 1 6
258706 1 733
258403 1 251
258136 1 60
258448 2 100
258448 102 731
254906 1 75
254907 1 52
257751 1 463
258177 1 342
258177 347 724
258177 755 1939
257599 42 118
256843 1 204
256843 207 284
256843 286 378
256843 380 461
256843 463 587
256843 598 627
256843 630 661
256843 1001 1034
256843 1036 1081
256843 1083 1191
256843 1193 1193
256843 1195 1329
256843 1331 1332
256842 131 132
258159 1 501
258158 1 1088
258158 1091 1786
258157 1 56
258742 2 693
256801 73 263
258705 1 100
257614 1 16
257735 1 15
258129 30 124
256869 1 34
256868 5 33
256868 35 200
256868 202 492
256867 1 16
256867 19 94
256866 34 47
258714 1 67
256941 1 17
256941 19 29
256941 103 105
256941 107 126
256941 129 129
256941 131 168
256941 170 170
256941 175 290
256941 293 294
257682 66 366
256630 5 26
254914 32 32
254914 34 78
258440 1 442
258440 444 732
258432 1 4
258211 43 129
258750 1 197
257613 14 1307
256674 1 2
256675 1 106
256675 111 164
256676 1 160
256676 162 208
256677 1 291
256677 293 390
256677 392 397
256677 400 455
256677 457 482
257816 1 385
256673 55 56
257645 37 73
257645 75 1096
258745 1 260
254852 47 94
257819 1 248
258213 1 165
254232 1 81
258694 23 199
257969 1 634
254231 1 24
258434 1 453
254879 52 52
254879 54 140
258656 1 334
257723 1 1
257723 3 108
257723 114 148
257722 1 19
258741 22 72
254790 90 90
254790 93 630
254790 633 697
254790 701 715
254790 719 784
257804 1 17
257805 1 249
258446 1 142
258214 1 217
256926 35 50
256926 53 62
256926 64 65
258749 1 204
258749 220 604
257968 69 326
