251161 1 29
251160 1 8
251160 36 36
251149 1 24
251149 29 29
251162 1 48
251164 1 50
251167 1 8
251167 81 81
251143 1 16
251143 17 19
251143 173 173
251168 1 214
251168 215 215
251168 216 243
251168 244 244
251168 245 256
251168 257 259
251168 260 287
251168 294 341
251147 1 6
251147 7 9
251147 35 35
251028 1 18
251028 19 21
251028 141 141
251249 1 8
251249 584 584
251244 85 93
251244 96 121
251244 122 122
251244 123 156
251244 158 446
251027 1 60
251027 61 61
251027 62 125
251163 1 4
251163 57 57
251252 1 554
251251 1 97
251251 98 98
251251 99 175
251250 1 102
251250 103 105
251250 106 160
251155 1 20
251155 21 23
251155 29 29
251156 1 23
251156 31 31
251150 1 24
251150 28 28
251153 1 26
251153 27 27
251153 28 28
251561 1 125
251560 1 5
251560 7 10
251560 84 84
251562 1 439
251562 440 442
251562 443 691
251523 1 8
251523 19 19
251522 1 10
251522 57 57

