256842 131 139
256801 73 98
256801 99 109
256801 110 118
256801 119 150
256801 151 160
256801 161 171
256801 172 180
256801 181 191
256801 192 211
256801 212 233
256801 234 242
256801 243 253
256801 254 263
254993 1 28
254989 1 120
254989 121 152
254989 153 215
256869 1 7
256869 8 18
256869 19 34
251883 56 60
251883 62 144
251883 145 155
251883 156 437
256936 46 47
256936 48 56
256936 57 83
256936 84 84
256936 85 104
256936 105 105
256936 106 106
256936 107 107
256936 108 119
256936 120 120
256936 121 131
256936 132 132
256936 133 138
256936 139 148
256936 149 150
256936 151 154
256936 155 155
256936 156 159
256936 160 165
256936 166 166
256936 167 169
256936 170 170
256936 171 171
256936 172 179
256936 180 190
256936 191 193
256936 194 263
256936 264 264
256936 265 265
256936 266 272
256936 273 284
256936 285 286
256936 287 297
256936 298 298
256936 299 304
256936 305 314
256936 315 326
256936 327 327
256936 328 331
256936 332 333
256936 334 351
256936 352 354
256936 355 358
256936 359 359
256936 360 367
256936 368 369
256936 370 370
256936 371 371
256936 372 405
256936 406 448
256936 449 457
256936 458 521
256936 522 530
256936 531 562
256936 563 570
256936 571 582
256936 583 591
256936 592 603
256936 604 622
256936 623 633
256936 634 653
256936 654 665
256936 666 673
256936 674 682
256936 683 684
256936 685 718
257395 1 23
256734 1 57
256734 58 59
256734 60 213
251717 14 21
256866 34 48
256926 35 38
256926 39 50
256926 51 52
256926 53 58
256926 59 62
256926 63 63
256926 64 65
251718 1 14
251718 15 26
251718 27 45
251718 46 79
251718 80 80
251718 81 87
251718 88 107
251718 108 129
251718 130 138
251718 139 149
251718 150 210
251718 211 222
251718 223 272
251718 273 283
251718 284 288
255029 1 209
255029 210 305
255029 306 345
254905 39 242
254906 1 82
254907 1 52
251161 1 29
251160 1 8
251149 1 24
251162 1 48
256843 1 22
256843 23 41
256843 42 52
256843 53 62
256843 63 74
256843 75 82
256843 83 85
256843 86 134
256843 135 143
256843 144 144
256843 145 149
256843 150 175
256843 176 204
256843 205 206
256843 207 228
256843 229 237
256843 238 252
256843 253 257
256843 258 269
256843 270 278
256843 279 284
256843 285 285
256843 286 295
256843 296 309
256843 310 331
256843 332 340
256843 341 362
256843 363 378
256843 379 379
256843 380 391
256843 392 403
256843 404 443
256843 444 461
256843 462 462
256843 463 464
256843 465 525
256843 526 537
256843 538 587
256843 588 619
256843 620 627
256843 628 628
256843 629 629
256843 630 650
256843 651 661
256843 662 664
256843 665 679
256843 680 691
256843 692 692
256843 693 693
256843 694 732
256843 733 733
256843 734 741
256843 742 753
256843 754 839
256843 840 842
256843 843 896
256843 897 908
256843 909 927
256843 928 935
256843 936 936
256843 937 938
256843 939 985
256843 986 986
256843 987 999
256843 1000 1010
256843 1011 1030
256843 1031 1034
256843 1035 1035
256843 1036 1041
256843 1042 1081
256843 1082 1082
256843 1083 1092
256843 1093 1103
256843 1104 1191
256843 1193 1329
256843 1330 1330
256843 1331 1332
251164 1 50
251167 1 8
254987 1 112
251143 1 31
251168 1 214
251168 215 215
251168 216 243
251168 244 244
251168 245 256
251168 257 259
251168 260 287
251168 294 341
255031 31 101
255031 102 124
255031 125 129
255031 130 131
255031 132 345
255031 346 359
255031 360 360
255031 361 440
255031 441 443
255031 444 493
255031 494 507
255031 508 581
255031 582 689
255031 690 691
255031 692 692
255031 693 694
255031 695 712
255031 713 714
255031 715 718
255031 719 719
255031 720 725
255031 726 729
255031 730 734
255031 735 735
255031 736 748
255031 749 749
255031 750 759
255031 760 761
255031 762 769
255031 770 770
255031 771 785
255031 786 786
255031 787 793
255031 794 795
255031 796 813
255031 814 815
255031 816 838
255031 839 839
255031 840 840
255031 841 841
255031 842 940
255031 941 941
255031 942 949
255031 950 951
255031 952 1054
255031 1055 1055
255031 1056 1058
255031 1059 1095
255031 1096 1199
255031 1200 1203
251147 1 25
257398 1 10
257398 11 18
257398 19 19
257398 20 23
251028 1 28
256728 2 10
256868 1 2
256868 3 13
256868 14 22
256868 23 33
256868 34 34
256868 35 65
256868 66 84
256868 85 178
256868 179 198
256868 199 219
256868 220 239
256868 240 250
256868 251 259
256868 260 271
256868 272 300
256868 301 353
256868 354 372
256868 373 394
256868 395 414
256868 415 435
256868 436 444
256868 445 456
256868 457 465
256868 466 497
256868 498 499
257394 41 52
257394 53 75
251559 46 47
251559 48 48
251559 49 52
251559 55 64
251559 67 72
256867 1 16
256867 17 17
256867 18 18
256867 19 28
256867 29 37
256867 38 59
256867 60 89
256867 90 100
256867 101 101
251643 1 606
251244 85 93
251244 96 121
251244 122 122
251244 123 156
251244 158 446
256941 1 13
256941 14 17
256941 18 18
256941 19 22
256941 23 29
256941 30 31
256941 32 34
256941 35 43
256941 44 44
256941 45 54
256941 55 55
256941 56 73
256941 74 84
256941 85 94
256941 95 105
256941 106 106
256941 107 126
256941 127 128
256941 129 129
256941 130 130
256941 131 135
256941 136 139
256941 140 145
256941 146 168
256941 169 169
256941 170 170
256941 175 177
256941 178 197
256941 198 219
256941 220 228
256941 229 249
256941 250 258
256941 259 290
256941 291 291
256941 292 292
256941 293 294
251027 1 60
251027 61 61
251027 62 125
254980 56 87
254914 32 78
257397 1 20
257397 21 31
257397 32 139
256675 1 106
256675 107 108
256675 109 164
254833 42 406
254833 407 447
254833 448 455
254833 456 518
254833 519 920
254833 921 926
254833 927 943
254833 944 973
254833 974 1272
254833 1273 1294
254833 1295 1505
254833 1506 1506
254833 1507 1632
256674 1 7
254879 51 56
254879 57 110
254879 111 140
256676 1 6
256676 7 160
256676 161 161
256676 162 208
256676 209 211
256676 212 417
256676 418 429
256676 430 470
256676 471 472
256676 473 509
256676 510 510
256676 511 735
256676 736 737
256676 738 798
256676 799 810
256676 811 854
256676 855 855
256676 856 1086
256676 1087 1089
254986 1 22
256630 5 26
256673 54 58
251721 1 20
251721 21 36
251721 37 122
251721 123 244
256729 1 336
256729 337 345
256729 346 598
256729 599 599
256729 600 755
256729 756 757
256729 758 760
256729 765 1165
256729 1166 1166
256729 1167 1292
256729 1293 1294
256729 1295 1327
256729 1328 1328
256729 1329 1735
254852 47 94
251638 1 99
254232 1 81
255003 60 70
254231 1 64
251252 1 554
251251 1 97
251251 98 98
251251 99 175
251250 1 102
251250 103 105
251250 106 160
257399 1 36
257399 37 47
257399 48 77
257399 78 88
257399 89 91
257399 92 94
251155 1 29
251156 1 23
251156 31 31
251150 1 24
254992 1 92
254992 93 192
254992 193 197
254992 198 223
254992 224 383
254991 1 113
254991 114 141
254991 142 368
254991 369 371
254991 372 393
254991 394 395
254991 396 434
251153 1 28
254229 1 8
256677 1 9
256677 10 390
256677 391 391
256677 392 397
256677 398 399
256677 400 455
256677 456 456
256677 457 482
251561 1 125
251560 1 5
251560 7 10
257396 1 41
257396 42 52
257396 53 72
257396 73 94
257396 95 123
257396 124 135
257396 136 154
257396 155 176
257396 177 227
251562 1 439
251562 440 442
251562 443 691
251521 39 55
255019 4 35
255019 36 39
255019 40 422
251134 1 79
251522 1 10
254790 89 208
254790 209 343
254790 344 602
254790 603 607
254790 608 630
254790 631 632
254790 633 665
254790 666 715
254790 716 718
254790 719 781
254790 782 784
254227 20 201
